1404.000000
551.000000
0.000000
652.000000
401.000000
50.000000
150.000000
50.000000
100.000000
200.000000
501.000000
551.000000
401.000000
652.000000
1003.000000
1003.000000
1053.000000
952.000000
902.000000
551.000000
952.000000
652.000000
852.000000
1203.000000
1053.000000
802.000000
802.000000
852.000000
551.000000
702.000000
902.000000
852.000000
902.000000
702.000000
1905.000000
2608.000000
4112.000000
7222.000000
6119.000000
1153.000000
1003.000000
1153.000000
1253.000000
1203.000000
1304.000000
1153.000000
1003.000000
902.000000
351.000000
501.000000
702.000000
1805.000000
1655.000000
1053.000000
1705.000000
1103.000000
1003.000000
1153.000000
1153.000000
1153.000000
1304.000000
702.000000
351.000000
451.000000
652.000000
752.000000
952.000000
601.000000
1905.000000
1655.000000
802.000000
802.000000
702.000000
652.000000
300.000000
501.000000
1003.000000
752.000000
802.000000
852.000000
752.000000
652.000000
1003.000000
952.000000
952.000000
902.000000
952.000000
501.000000
601.000000
501.000000
551.000000
401.000000
401.000000
150.000000
401.000000
902.000000
952.000000
1003.000000
952.000000
1103.000000
1003.000000
752.000000
702.000000
501.000000
652.000000
852.000000
752.000000
852.000000
1103.000000
1003.000000
551.000000
652.000000
351.000000
752.000000
551.000000
401.000000
652.000000
1103.000000
351.000000
300.000000
902.000000
250.000000
100.000000
250.000000
250.000000
501.000000
401.000000
1605.000000
702.000000
100.000000
100.000000
300.000000
902.000000
100.000000
401.000000
300.000000
200.000000
601.000000
401.000000
1554.000000
100.000000
200.000000
501.000000
501.000000
200.000000
551.000000
852.000000
601.000000
802.000000
601.000000
4213.000000
5467.000000
4413.000000
3460.000000
1153.000000
802.000000
702.000000
852.000000
802.000000
852.000000
451.000000
702.000000
1003.000000
1153.000000
1053.000000
702.000000
551.000000
752.000000
652.000000
852.000000
1153.000000
501.000000
852.000000
902.000000
852.000000
902.000000
852.000000
601.000000
702.000000
551.000000
601.000000
652.000000
802.000000
702.000000
1003.000000
902.000000
601.000000
702.000000
451.000000
501.000000
401.000000
702.000000
702.000000
652.000000
601.000000
802.000000
752.000000
551.000000
1003.000000
601.000000
601.000000
652.000000
451.000000
451.000000
501.000000
250.000000
401.000000
300.000000
601.000000
652.000000
551.000000
702.000000
300.000000
501.000000
501.000000
601.000000
802.000000
1053.000000
1103.000000
1153.000000
1404.000000
802.000000
952.000000
1253.000000
1354.000000
1404.000000
1253.000000
952.000000
601.000000
1053.000000
1103.000000
1354.000000
1504.000000
702.000000
1554.000000
952.000000
802.000000
200.000000
451.000000
702.000000
150.000000
952.000000
852.000000
300.000000
652.000000
200.000000
250.000000
2056.000000
1554.000000
501.000000
802.000000
401.000000
401.000000
300.000000
551.000000
50.000000
702.000000
1003.000000
451.000000
300.000000
601.000000
451.000000
501.000000
1003.000000
852.000000
601.000000
351.000000
902.000000
100.000000
100.000000
300.000000
1253.000000
652.000000
501.000000
150.000000
300.000000
351.000000
752.000000
